Hand,B 124,B 82,B 54,CHECK
5c4c,1.01113757,1.55921858,2.81515401,94.6144938
6c5c,1.00791771,1.55421635,2.81075779,94.6271062
7c6c,1.69028994,2.15048995,4.71840762,91.4408147
8c7c,2.10860875,1.86134875,3.78620476,92.2438383
9c8c,2.39427704,2.03976687,3.80559564,91.7603612
Tc9c,3.7139304,2.84353979,4.80323955,88.6392891
JcTc,2.91685294,2.33973339,3.88928801,90.8541262
QcJc,2.12139133,2.41526514,5.03912009,90.4242277
KcJc,1.40984971,2.11366508,3.27496044,93.201524
KcQc,1.16827739,1.7336851,2.61084475,94.4871962
AcTc,2.5619233,2.33101454,6.03929572,89.0677691
AcJc,1.14802644,1.61618758,2.34904774,94.8867381
AcQc,1.06651299,1.40912691,1.76722854,95.7571328
AcKd,1.36278477,1.44143878,1.85552295,95.3402579
AcKh,1.94871593,1.7755026,3.53901312,92.7367687
AcKs,1.44173913,1.52220726,2.07037721,94.9656725
4d4c,1.85067058,2.18239147,3.38686369,92.5800741
5d5c,1.47455009,1.77475382,2.61850487,94.1321969
5d4d,1.01113757,1.55921858,2.81515419,94.6144938
6d6c,1.91383082,2.1855846,3.34530026,92.5552845
6d5d,1.00791752,1.55421598,2.81075779,94.6271122
7d7c,1.94355492,2.16852967,3.31411995,92.5737977
7d6d,1.69029031,2.15049069,4.71840911,91.4408088
8d8c,9.11149234,4.45028208,5.78542426,80.6528032
8d7d,2.10860837,1.86134949,3.78620587,92.2438323
9d9c,2.56157406,2.53017936,3.67927402,91.2289679
9d8d,2.39427704,2.03976724,3.80559601,91.7603612
TdTc,6.77849948,4.8400335,9.88594741,78.4955144
Td9d,3.71393785,2.84353402,4.80324179,88.6392891
JdJc,3.23731937,2.76346933,4.13120762,89.8680031
JdTd,2.9168576,2.33974252,3.88928726,90.8541083
QdJd,2.12139674,2.41526179,5.03912009,90.4242218
KdJd,1.4098499,2.1136649,3.27496119,93.201524
KdQd,1.16827777,1.73368528,2.61084456,94.4871962
AdKc,1.36278551,1.44143952,1.85551941,95.3402638
AdTd,2.56192312,2.33101863,6.03925586,89.0678048
AdJd,1.14802634,1.6161887,2.34904774,94.8867381
AdQd,1.06651215,1.40912673,1.76722892,95.7571328
AdKh,1.94871407,1.77550241,3.53901386,92.7367687
AdKs,1.44173857,1.52220726,2.07038261,94.9656665
4h4c,2.19574533,2.38662455,3.95703316,91.4605975
4h4d,2.19574533,2.38662455,3.95703502,91.4605975
5h5c,2.07388289,2.2698978,3.43529582,92.2209203
5h5d,2.07388271,2.26989742,3.43529545,92.2209203
5h4h,2.08595693,1.43386666,4.02225442,92.4579203
6h6c,2.23875362,2.3632396,3.85277644,91.5452242
6h6d,2.23875362,2.36324016,3.85277681,91.5452242
6h5h,2.08233241,1.41481608,3.79263014,92.7102208
7h7c,2.24654917,2.32346337,3.92329656,91.5066957
7h7d,2.24654935,2.323463,3.92329656,91.5066957
7h6h,10.3447229,7.54227787,12.1868156,69.9261904
8h8c,9.89564881,4.38627489,5.44565953,80.2724183
8h8d,9.89564434,4.38624956,5.44568934,80.2724123
8h7h,2.4737224,5.04333191,9.08958912,83.3933532
9h9c,2.79704109,2.62088124,4.13721874,90.4448569
9h9d,2.79704072,2.62088198,4.13721725,90.4448569
9h8h,3.43635753,6.50408193,13.3574769,76.7020822
JhJc,2.88353302,2.69723386,3.95070426,90.4685259
JhJd,2.88355406,2.69719325,3.95071916,90.4685318
QhJh,7.6873526,8.39603841,12.5880942,71.3285089
KhJh,14.2242014,8.50898102,12.1224351,65.1443839
KhQh,4.14951816,6.50390685,9.74046364,79.6061099
AhKc,2.07213722,1.91855133,4.69901115,91.3103044
AhKd,2.07213648,1.91855021,4.69901785,91.3102984
AhJh,6.81934953,6.85831383,10.5255589,75.796777
AhQh,2.8460253,4.17850241,7.42776319,85.5477095
AhKs,2.0777151,1.91847347,4.98569161,91.0181224
4s4c,1.87540948,2.20606215,3.42590809,92.4926162
4s4d,1.87540948,2.20606215,3.42590809,92.4926162
4s4h,2.20249407,2.38824952,3.95374112,91.4555132
5s5c,1.51659641,1.81770436,2.68359892,93.9821005
5s5d,1.51659697,1.81770436,2.6835965,93.9821005
5s5h,2.11158954,2.30193995,3.55211236,92.0343578
5s4s,1.166528,1.73874926,2.98706945,94.1076517
6s6c,1.93777271,2.20745783,3.38404104,92.4707294
6s6d,1.93777271,2.20745783,3.38403918,92.4707294
6s6h,2.2495579,2.36900542,3.85161042,91.5298283
6s5s,1.16066933,1.73005294,2.97235213,94.1369236
7s7c,1.95875876,2.18040105,3.34197842,92.5188601
7s7d,1.95875876,2.18040105,3.34197842,92.5188601
7s7h,2.2542676,2.32621282,3.91332544,91.5061951
7s6s,2.30705682,2.34615095,5.20917177,90.1376188
9s9c,2.63352543,2.57747509,3.7660338,91.0229623
9s9d,2.63352394,2.57747583,3.76603119,91.0229683
9s9h,2.8782526,2.67454255,4.1721236,90.275079
TsTc,7.08525106,5.10580167,10.7425593,77.0663917
TsTd,7.08517656,5.10576107,10.742265,77.066797
Ts9s,3.06863952,2.56951191,6.72977492,87.632072
JsJc,3.05991862,2.61058584,3.9357096,90.3937817
JsJd,3.05992775,2.61058416,3.93573008,90.3937578
JsJh,2.54743397,2.35359948,3.49690877,91.6020632
JsTs,2.5760252,2.1800464,8.36109519,86.8828356
QsJs,2.54702847,2.98572965,5.66067547,88.8065696
KsJs,1.88527163,2.73109786,4.89464439,90.4889882
KsQs,1.55464113,2.22990178,3.68688591,92.5285697
AsKc,1.4770925,1.55684929,2.33487189,94.6311831
AsKd,1.47709232,1.55684911,2.33487412,94.6311831
AsKh,1.99119207,1.81363542,4.07873541,92.1164334
AsTs,2.15919297,2.02544909,10.4888849,85.3264749
AsJs,1.72599852,2.22431552,3.58207561,92.467612
AsQs,1.5883388,1.86442211,2.88678333,93.6604559
